11111100000011111134
000000000000000000
000000000000000002
000000000000000000
000000000000000000
002200000000000000
000000000000000000
000000000000000000
000000000000001100
000000000000000000
000000000000000000
000000000000000000
000000000000000000
1110000000011111114
4
4
4
4
4
000000221220000000
4
4
4
4
4
111111100000011114
4
4
4
4
4
4
000000222221222222
4
4
4
4
4
1110000011000001114
000000000000000000
000000000000000000
000000000000000000
000000000000000000
000000000000000000
000000000000000000
000000000000000000
000000000000000000
000000000000000000
000000000000000000
000000000000000000
000000000000000000
1000001000001000004
000000000000000000
000000000000000000
000000000000000000
000000000000000000
000000000000000000
000010000220000100
000000000000000000
000000000000000000
000000000000000000
000000000000000000
000000000000000000
000000000000000000
0000010000010000014
000000000000000000
000000000000000000
000000000000000000
000000000000000000
000000000000000000
000000011222210000
000000000000000000
000000000000000000
000000000000000000
000000000000000000
000000000000000000
000000000000000000

















