1111110000001111113
000000000000000000
000000000000000000
000022000000000000
000000000000000000
000000000000000000
000000000001100000
000000000000000000
000000000000000000
000000000000000001
000000000000000000
000000000000000000
000000000000000000
1110000000011111114
4
4
4
4
4
4
4
4
4
4
4
111111100000011114
4
4
4
4
4
4
4
4
4
4
4
4
110000000000000011
000000000000000000
000000000000000000
000000000000001000
000000000000000000
000000000000000000
001000000000000000
000000000000000000
000000000000011000
000000000000000000
000000000000000000
000000000000000000
000000000000000000
000000001100000000
000000000000000000
000000000000000000
000000000000000000
000000000000010000
000000000000000000
002000000000000000
000000000000000000
000000000000022200
000000000000000000
000000000000000000
000000000000000000
000000000000000000
100100100001001001
000000000000000000
000000200000000000
000000000000001100
000000000000000000
000000000000000000
000000000000000000
000001100000000000
000000000000000000
000000000000000000
000000000000002000
000000000000000000
000000000000000000










